4294967278,17
4294967278,16
4294967278,15
4294967278,14
4294967278,13
4294967278,12
4294967278,11
4294967278,10
4294967278,9
4294967278,8
4294967278,7
4294967278,6
4294967278,5
4294967278,4
4294967279,132
4294967294,18
4294967294,127
4294967294,14
4294967294,126
4294967294,20
4294967294,13
4294967278,184
4294967279,323
4294967279,181
4294967278,175
4294967278,173
4294967279,172
4294967278,168
4294967279,168
4294967278,167
4294967279,167
4294967278,166
4294967279,166
4294967278,165
4294967279,165
4294967278,164
4294967279,535
4294967278,344
4294967278,162
4294967279,162
4294967278,55
4294967278,54
4294967278,53
4294967278,52
4294967278,51
4294967278,50
4294967278,49
4294967278,48
4294967278,47
4294967278,44
4294967278,43
4294967278,42
4294967278,41
4294967278,40
4294967278,39
4294967278,38
4294967278,37
4294967278,36
4294967278,35
4294967278,34
4294967278,33
4294967278,294
4294967278,32
4294967278,293
4294967278,31
4294967278,291
4294967278,30
4294967278,29
4294967278,28
4294967278,27
4294967278,26
4294967278,25
4294967278,24
4294967278,23
4294967278,22
4294967278,21
4294967278,20
4294967278,19
4294967278,18
4294967279,174
4294967279,71
4294967279,70
4294967279,68
4294967279,66
4294967279,65
4294967279,64
4294967279,62
4294967279,59
4294967279,56
4294967279,55
4294967279,53
4294967279,51
4294967279,49
4294967278,161
4294967279,47
4294967279,44
4294967279,41
4294967279,40
4294967279,39
4294967279,38
4294967279,37
4294967279,35
4294967279,34
4294967279,30
4294967279,28
4294967279,25
4294967279,24
4294967279,23
4294967279,22
4294967279,19
4294967279,15
4294967278,363
4294967279,48
4294967278,159
4294967278,46
4294967278,299
4294967279,304
4294967278,45
4294967278,298
4294967279,157
4294967279,156
4294967278,278
4294967279,155
4294967278,155
4294967294,435
4294967279,154
4294967278,154
4294967278,306
4294967278,153
4294967279,151
4294967278,149
73,5
4294967279,150
73,4
4294967278,150
73,3
73,2
73,1
4294967279,149
4294967278,148
4294967279,147
4294967278,147
4294967279,146
4294967278,146
4294967279,145
4294967278,145
4294967279,32
4294967279,288
4294967279,142
4294967279,141
4294967278,141
4294967279,140
4294967278,140
4294967279,139
4294967278,139
4294967278,138
4294967279,272
4294967278,135
4294967278,277
71,5
4294967279,136
71,4
4294967278,136
71,3
71,2
71,1
4294967279,135
4294967279,133
4294967279,271
4294967279,269
4294967279,17
4294967279,281
4294967278,275
4294967279,266
4294967279,547
69,6
4294967279,278
4294967279,279
4294967278,284
4294967278,271
69,5
4294967279,263
69,4
4294967279,262
69,3
69,2
69,1
4294967279,274
4294967294,120
4294967294,388
4294967294,115
4294967279,257
4294967278,281
4294967279,322
4294967279,532
68,5
4294967279,256
4294967278,262
4294967279,255
68,4
68,3
68,2
68,1
4294967278,259
4294967279,254
4294967279,546
4294967278,337
4294967279,321
4294967278,367
67,5
4294967278,336
4294967279,559
4294967278,334
67,4
4294967279,526
67,3
67,2
67,1
4294967279,320
4294967278,366
4294967279,524
4294967278,333
4294967278,254
4294967279,558
4294967279,538
4294967278,331
66,5
4294967278,250
66,4
4294967278,248
66,3
66,2
66,1
4294967278,247
4294967279,247
4294967294,468
4294967278,246
4294967278,244
4294967278,242
4294967278,240
65,4
4294967279,239
65,3
65,2
65,1
4294967279,521
0,7
4294967294,386
4294967294,387
4294967278,330
4294967294,903
4294967294,185
4294967294,0
4294967294,902
4294967294,392
4294967294,393
4294967294,389
4294967279,238
4294967278,329
4294967294,397
4294967294,408
4294967294,29
4294967294,177
4294967294,385
4294967294,178
4294967294,948
4294967294,420
4294967294,442
4294967294,191
4294967294,164
4294967294,1
4294967294,111
4294967294,466
4294967294,2
4294967279,226
4294967279,0
4294967294,42
4294967294,40
4294967294,41
4294967294,38
4294967294,37
4294967278,235
4294967294,36
4294967279,234
4294967278,233
4294967278,231
4294967294,916
4294967294,911
4294967294,901
4294967294,163
4294967294,46
4294967294,89
4294967278,229
4294967294,469
4294967294,82
4294967279,228
4294967278,227
4294967294,107
4294967294,91
4294967294,90
4294967294,87
4294967294,86
4294967294,85
4294967294,84
4294967294,921
4294967294,950
4294967294,949
4294967294,418
4294967294,28
4294967294,53
4294967294,45
4294967294,426
4294967294,44
4294967294,96
4294967294,94
4294967279,224
4294967294,9
4294967294,8
4294967278,225
4294967279,11
4294967279,10
4294967278,222
4294967279,221
4294967278,220
4294967278,218
4294967294,39
4294967294,30
4294967294,61
4294967278,216
4294967279,215
4294967294,1416
4294967294,416
4294967294,50
4294967294,471
4294967294,12
4294967278,214
4294967294,969
4294967294,83
4294967294,81
4294967294,5
4294967294,6
4294967278,132
4294967278,131
4294967278,130
4294967278,129
4294967278,128
4294967278,127
4294967278,126
4294967278,125
4294967278,124
4294967278,123
4294967278,122
4294967278,121
4294967278,120
4294967278,119
4294967278,118
4294967278,117
4294967278,116
4294967278,115
4294967278,114
